502 9999
4
50
58
144
280
159
1 13 2 17 4
2 32 36 31 5
3 49 38 26 1
4 44 34 34 2
5 28 49 15 4
6 17 1 20 1
7 29 30 7 4
8 18 34 17 4
9 5 23 11 1
10 27 17 13 1
11 49 44 9 1
12 8 26 9 3
13 38 20 13 2
14 2 4 7 3
15 23 40 32 4
16 7 27 10 1
17 39 37 21 1
18 17 29 17 4
19 40 45 42 3
20 26 16 19 1
21 42 33 36 1
22 26 24 5 2
23 17 17 13 4
24 40 3 12 1
25 40 12 36 4
26 3 24 3 4
27 14 34 12 2
28 34 20 38 2
29 21 10 18 5
30 8 32 9 4
31 50 14 22 3
32 41 2 18 3
33 22 13 24 3
34 34 22 32 3
35 45 19 10 4
36 3 12 5 5
37 2 16 9 3
38 15 7 12 4
39 42 49 20 1
40 1 7 2 3
41 10 6 9 5
42 40 17 12 1
43 23 8 25 2
44 6 39 6 2
45 15 47 10 4
46 26 45 3 1
47 18 12 11 3
48 48 39 8 5
49 27 39 21 1
50 19 39 18 3
51 16 2 19 4
52 11 20 6 2
53 34 40 6 2
54 38 48 28 4
55 15 17 1 1
56 47 2 21 4
57 18 11 15 5
58 39 34 44 5
59 6 31 8 4
60 14 22 13 5
61 16 4 15 1
62 48 16 30 2
63 25 2 23 2
64 17 38 17 5
65 11 6 12 2
66 4 41 12 2
67 21 33 13 5
68 17 10 1 1
69 39 7 27 5
70 28 13 22 4
71 38 18 25 1
72 9 29 11 4
73 39 48 26 3
74 49 14 10 3
75 22 23 16 1
76 48 50 24 4
77 17 50 21 1
78 21 10 9 4
79 22 25 11 5
80 6 7 14 1
81 25 12 14 5
82 48 3 35 5
83 2 1 7 2
84 1 20 3 1
85 11 35 2 5
86 30 11 11 1
87 23 19 18 3
88 24 10 18 4
89 19 20 22 4
90 40 2 28 2
91 48 3 20 3
92 15 46 6 3
93 33 2 14 5
94 8 49 13 3
95 37 1 18 3
96 16 21 24 1
97 20 35 15 4
98 5 39 9 5
99 39 46 30 1
100 41 20 42 2
101 6 3 6 1
102 15 33 7 2
103 2 43 5 2
104 40 25 22 4
105 30 15 15 2
106 10 36 5 4
107 27 39 19 1
108 13 31 12 4
109 2 48 9 2
110 27 19 12 1
111 33 5 27 5
112 23 26 14 1
113 16 15 14 2
114 48 22 31 5
115 39 22 38 1
116 3 41 6 3
117 29 44 14 5
118 29 19 4 5
119 35 13 27 1
120 45 18 15 1
121 21 35 3 1
122 38 6 31 5
123 40 37 16 1
124 28 15 6 5
125 32 29 34 3
126 32 22 14 2
127 8 6 5 2
128 6 2 3 5
129 1 1 3 2
130 38 33 22 4
131 38 5 31 3
132 14 39 9 4
133 7 43 13 1
134 27 47 26 1
135 41 18 41 2
136 41 37 15 3
137 14 48 11 2
138 36 28 43 2
139 6 45 7 3
140 3 2 4 2
141 14 35 4 2
142 3 11 11 2
143 28 32 34 1
144 18 47 2 5
145 11 5 8 5
146 45 2 26 2
147 26 21 11 3
148 44 29 8 5
149 17 38 7 4
150 34 42 31 4
151 39 23 9 4
152 25 23 21 2
153 47 13 14 2
154 25 44 21 2
155 12 42 10 3
156 20 10 21 2
157 36 42 37 3
158 18 42 6 3
159 2 49 6 5
