476 9999
4
49
72
122
258
48
1 28 44 19 4
2 45 28 18 1
3 4 28 9 1
4 49 1 21 3
5 37 35 33 1
6 24 8 19 4
7 5 11 3 4
8 20 13 10 5
9 20 17 23 3
10 46 7 15 1
11 11 10 6 5
12 26 42 29 2
13 12 18 9 3
14 37 35 36 3
15 9 9 12 2
16 11 4 7 2
17 42 35 17 3
18 48 35 6 5
19 18 18 19 4
20 24 44 32 4
21 14 15 6 5
22 5 17 12 2
23 32 26 19 2
24 35 49 11 3
25 43 22 40 2
26 24 34 24 2
27 17 17 24 3
28 12 30 5 3
29 22 32 22 2
30 47 20 42 4
31 14 34 8 5
32 9 27 11 5
33 22 4 9 3
34 37 37 14 5
35 8 39 7 3
36 3 11 7 1
37 26 10 5 1
38 27 18 20 3
39 17 31 25 4
40 40 50 42 5
41 18 35 9 3
42 16 27 10 2
43 19 12 8 2
44 21 2 12 3
45 29 41 28 3
46 39 47 28 3
47 8 38 14 3
48 44 25 42 4
