1188 9999
5
50
68
159
313
611
157
1 48 13 19 1
2 49 41 51 4
3 37 21 41 4
4 2 19 4 4
5 50 10 28 5
6 46 4 37 4
7 15 41 18 2
8 22 49 24 4
9 14 49 3 3
10 13 2 13 1
11 42 15 16 1
12 32 22 16 4
13 18 1 7 4
14 2 22 6 3
15 28 49 16 5
16 6 25 11 4
17 32 39 39 1
18 6 4 6 4
19 34 37 18 5
20 40 39 37 4
21 43 41 17 2
22 19 41 13 4
23 4 27 12 1
24 42 26 37 1
25 30 37 30 2
26 44 30 7 2
27 28 48 16 4
28 43 46 33 4
29 19 28 13 5
30 3 49 6 3
31 50 5 15 5
32 8 35 14 2
33 12 6 15 5
34 1 11 3 3
35 31 13 14 4
36 35 44 25 4
37 17 28 9 2
38 4 11 9 2
39 21 27 21 2
40 32 36 32 1
41 47 27 41 3
42 40 29 11 5
43 9 2 14 3
44 17 32 8 4
45 9 39 6 5
46 36 36 30 2
47 39 38 6 4
48 13 14 8 5
49 31 21 28 3
50 28 20 16 5
51 24 12 7 1
52 26 31 10 2
53 26 37 15 5
54 50 24 18 2
55 9 2 16 2
56 34 50 6 4
57 42 46 36 3
58 44 12 10 4
59 2 8 11 2
60 38 13 27 5
61 13 33 3 2
62 46 19 12 1
63 28 12 9 2
64 2 14 3 1
65 19 48 9 3
66 29 38 26 3
67 30 12 10 5
68 6 44 9 5
69 14 15 18 5
70 14 43 21 1
71 2 40 10 2
72 18 22 8 5
73 17 11 14 5
74 1 30 8 5
75 37 22 12 5
76 16 15 18 2
77 48 30 22 2
78 22 19 12 3
79 50 31 35 1
80 32 2 27 3
81 26 30 10 2
82 1 6 2 4
83 35 41 33 3
84 23 15 7 1
85 45 2 16 2
86 41 31 24 1
87 30 50 15 2
88 11 3 8 2
89 46 34 48 5
90 21 42 16 1
91 41 43 39 1
92 25 38 12 1
93 7 16 8 1
94 14 18 12 1
95 17 45 19 2
96 21 50 20 5
97 49 32 22 1
98 40 20 9 3
99 2 40 2 2
100 47 1 47 5
101 16 2 22 3
102 28 3 19 3
103 27 48 25 3
104 27 47 18 4
105 28 22 27 4
106 37 20 13 2
107 19 8 18 5
108 8 36 13 2
109 23 45 8 4
110 3 7 9 2
111 47 2 29 5
112 22 22 14 1
113 20 50 28 2
114 24 30 15 4
115 7 25 7 5
116 33 6 19 3
117 32 36 22 5
118 37 7 37 2
119 20 39 24 4
120 32 33 29 1
121 31 15 16 3
122 6 16 10 4
123 46 42 16 1
124 3 34 11 4
125 19 30 6 4
126 21 11 14 1
127 31 41 9 4
128 42 8 27 1
129 46 35 45 3
130 45 2 28 3
131 6 13 7 4
132 19 49 8 4
133 5 30 8 2
134 9 39 14 1
135 14 13 18 5
136 26 16 32 2
137 44 41 35 3
138 2 36 6 4
139 46 31 10 5
140 8 2 9 1
141 20 35 11 4
142 24 10 25 2
143 1 48 2 2
144 46 38 30 2
145 21 12 16 4
146 26 16 1 4
147 6 44 13 4
148 20 27 17 1
149 44 41 11 2
150 29 25 26 2
151 29 8 23 1
152 17 22 18 2
153 9 12 9 3
154 41 36 41 5
155 48 39 36 3
156 50 42 20 1
157 22 15 15 3
