277 9999
3
50
91
142
58
1 29 2 25 1
2 6 33 9 4
3 30 7 28 2
4 30 42 10 3
5 48 33 30 3
6 16 26 12 2
7 47 30 12 1
8 12 34 20 1
9 39 49 28 2
10 33 46 34 3
11 47 25 31 3
12 35 38 32 4
13 17 49 17 2
14 35 49 43 2
15 44 25 19 1
16 38 29 20 4
17 29 43 10 4
18 1 39 7 3
19 32 19 22 5
20 8 12 3 4
21 22 13 13 5
22 2 28 7 4
23 6 18 7 3
24 31 44 28 2
25 50 43 57 5
26 13 29 14 2
27 30 2 32 5
28 33 47 26 1
29 6 39 15 4
30 9 26 12 3
31 2 16 6 1
32 44 26 16 5
33 21 23 13 5
34 18 15 12 5
35 20 25 2 2
36 37 19 13 4
37 39 29 30 5
38 30 24 12 1
39 50 20 37 1
40 10 14 6 4
41 37 22 17 1
42 32 49 19 4
43 31 46 28 4
44 18 44 8 2
45 18 31 22 2
46 9 8 11 4
47 14 6 14 4
48 44 40 18 4
49 42 48 41 5
50 37 16 15 2
51 47 11 51 1
52 23 50 16 4
53 49 40 9 3
54 25 1 21 3
55 24 12 24 3
56 28 6 33 4
57 8 23 8 1
58 45 27 40 1
