67 9999
2
49
61
54
1 9 11 14 3
2 14 40 10 4
3 33 3 17 3
4 25 17 14 2
5 18 31 12 5
6 41 36 36 1
7 44 40 27 2
8 10 7 15 3
9 32 31 37 5
10 6 8 13 5
11 14 27 4 3
12 36 30 23 1
13 17 8 5 2
14 43 35 13 5
15 23 24 9 5
16 41 45 21 4
17 19 4 9 3
18 11 44 6 3
19 13 48 11 2
20 39 31 31 1
21 37 4 24 2
22 21 43 12 2
23 24 34 2 3
24 28 10 19 1
25 20 19 16 1
26 21 1 18 1
27 9 30 8 2
28 15 1 17 3
29 40 3 15 1
30 5 13 12 2
31 34 41 31 2
32 27 27 11 1
33 3 40 8 1
34 49 16 51 2
35 36 50 15 2
36 24 1 31 4
37 44 22 37 4
38 9 24 16 5
39 10 45 14 4
40 3 29 4 1
41 24 6 7 4
42 17 40 8 1
43 14 45 10 3
44 17 14 6 1
45 23 9 10 1
46 30 14 26 4
47 42 32 19 4
48 35 25 8 4
49 2 41 5 3
50 42 3 41 1
51 4 2 10 4
52 35 29 17 3
53 49 38 10 1
54 44 5 16 4
