44 9999
0
46
1 30 47 29 3
2 3 50 7 2
3 12 17 10 1
4 18 41 8 2
5 32 23 14 4
6 14 29 14 3
7 18 4 17 3
8 38 2 46 2
9 30 46 28 4
10 20 5 11 4
11 14 49 14 5
12 26 32 9 4
13 3 49 8 2
14 7 41 8 2
15 31 32 14 2
16 33 28 35 5
17 16 32 10 3
18 28 50 6 2
19 49 31 49 3
20 47 6 38 3
21 7 30 11 2
22 8 7 10 3
23 13 40 9 3
24 10 5 7 5
25 5 24 5 2
26 27 12 25 2
27 50 26 33 5
28 4 8 12 2
29 34 13 24 4
30 3 12 4 1
31 30 15 29 1
32 25 20 13 1
33 27 48 31 2
34 20 9 14 4
35 4 46 5 3
36 6 14 5 3
37 22 26 11 5
38 27 9 16 4
39 39 9 37 3
40 33 9 2 1
41 25 41 30 1
42 21 35 23 4
43 28 42 26 1
44 6 33 3 4
45 39 41 37 4
46 37 14 37 1
