298 9999
4
50
55
125
241
43
1 47 48 38 4
2 30 39 33 2
3 29 1 20 2
4 22 39 15 5
5 49 36 12 5
6 24 38 26 5
7 30 44 27 1
8 41 20 18 5
9 24 18 10 4
10 36 26 16 5
11 22 10 26 2
12 21 33 12 1
13 39 17 17 5
14 35 38 25 5
15 28 40 32 1
16 45 40 14 4
17 16 28 4 5
18 34 16 31 5
19 50 20 37 4
20 1 20 5 3
21 19 19 24 5
22 20 29 8 4
23 46 25 26 3
24 37 47 17 4
25 32 10 14 2
26 33 16 17 3
27 43 37 9 3
28 37 33 27 5
29 32 30 24 3
30 48 10 25 2
31 46 29 14 2
32 43 14 45 5
33 15 28 11 1
34 6 16 10 1
35 48 6 19 4
36 44 22 12 3
37 30 47 36 5
38 7 11 6 3
39 23 33 26 2
40 5 42 10 1
41 37 16 3 1
42 41 45 18 1
43 24 36 19 3
