1638 9999
6
50
85
151
288
587
1199
156
1 6 48 8 3
2 45 47 8 5
3 21 34 18 3
4 5 42 12 4
5 19 48 12 3
6 22 17 28 3
7 4 43 2 3
8 1 37 5 2
9 29 18 38 5
10 35 29 8 1
11 28 13 6 4
12 43 31 33 3
13 11 33 11 5
14 41 48 23 4
15 40 45 14 5
16 4 12 9 1
17 6 43 11 1
18 1 37 9 1
19 7 30 12 4
20 40 21 40 1
21 11 37 14 5
22 50 1 8 5
23 35 31 27 4
24 31 9 31 4
25 44 39 43 1
26 50 38 40 5
27 34 7 27 3
28 4 11 5 1
29 36 25 30 2
30 27 30 21 5
31 22 17 14 1
32 36 41 30 3
33 26 28 14 3
34 5 50 6 5
35 7 19 5 4
36 36 2 20 4
37 36 6 42 1
38 37 9 34 4
39 40 41 34 2
40 46 36 7 5
41 35 40 25 4
42 25 28 9 4
43 38 18 17 4
44 40 33 28 3
45 49 46 23 5
46 29 2 14 5
47 27 45 15 4
48 1 11 4 2
49 20 13 15 4
50 19 21 14 3
51 43 33 35 3
52 18 40 22 3
53 42 45 21 1
54 36 47 29 2
55 8 46 15 4
56 32 40 25 5
57 45 36 16 1
58 30 17 32 4
59 40 36 9 2
60 18 49 13 2
61 24 21 17 2
62 2 48 1 2
63 6 2 5 2
64 14 25 11 1
65 20 32 20 2
66 34 39 5 2
67 13 34 13 2
68 38 32 29 3
69 1 43 2 5
70 8 6 15 3
71 47 9 21 5
72 19 16 3 4
73 30 15 16 2
74 5 33 4 5
75 29 43 29 4
76 33 27 28 4
77 28 35 20 1
78 11 31 13 1
79 1 49 8 2
80 6 31 8 5
81 13 43 19 3
82 25 19 19 3
83 39 32 33 3
84 40 27 35 4
85 1 18 4 1
86 41 25 14 3
87 13 8 6 5
88 50 24 31 4
89 18 41 18 2
90 35 29 36 4
91 13 6 4 4
92 38 12 9 1
93 35 40 28 5
94 12 14 9 4
95 32 22 22 1
96 11 31 10 1
97 29 41 10 3
98 33 13 24 1
99 45 17 19 3
100 38 29 20 1
101 41 33 41 2
102 12 39 6 5
103 26 45 27 1
104 16 28 14 1
105 48 45 29 5
106 38 15 11 4
107 8 9 11 1
108 14 30 2 2
109 28 18 29 2
110 42 12 25 1
111 48 45 48 1
112 47 46 20 2
113 21 7 14 2
114 41 12 47 1
115 46 13 42 2
116 43 29 34 2
117 34 8 39 4
118 35 9 20 3
119 22 7 19 2
120 49 6 35 4
121 22 10 5 2
122 11 25 16 3
123 18 2 24 5
124 29 23 8 5
125 14 44 12 3
126 42 39 22 1
127 2 3 3 1
128 10 7 11 5
129 49 36 9 2
130 12 45 9 2
131 3 41 6 2
132 44 45 21 4
133 8 42 13 1
134 44 14 42 5
135 41 34 17 2
136 48 32 12 3
137 42 16 16 1
138 10 7 7 5
139 46 7 46 5
140 43 2 18 4
141 17 33 11 1
142 27 24 8 3
143 21 1 21 5
144 22 16 27 1
145 31 6 22 4
146 26 17 22 5
147 11 45 9 1
148 39 12 11 1
149 23 9 10 3
150 12 48 20 2
151 12 13 3 1
152 6 28 11 1
153 1 20 1 2
154 30 24 23 5
155 4 14 1 3
156 43 15 34 4
