170 9999
3
50
72
150
60
1 41 43 6 5
2 32 25 15 2
3 10 8 10 3
4 45 19 44 5
5 8 35 7 2
6 39 32 17 4
7 26 36 22 1
8 21 2 14 1
9 14 13 19 1
10 42 17 7 5
11 40 32 9 3
12 38 36 34 3
13 22 48 20 4
14 37 21 37 2
15 1 40 7 2
16 33 49 14 4
17 28 22 14 4
18 28 46 12 5
19 37 44 4 1
20 12 27 17 1
21 5 27 6 1
22 9 31 15 4
23 47 25 16 2
24 22 26 15 5
25 29 5 10 4
26 23 10 20 1
27 37 3 35 5
28 47 15 31 4
29 5 35 9 5
30 36 8 29 2
31 9 14 3 5
32 9 38 11 5
33 22 33 3 4
34 14 17 10 3
35 29 30 22 5
36 15 16 8 1
37 16 36 16 4
38 24 7 22 3
39 42 29 31 4
40 10 10 9 1
41 2 6 6 4
42 12 47 8 5
43 39 33 26 3
44 5 11 10 4
45 9 3 10 1
46 37 46 18 2
47 4 2 2 3
48 21 5 18 1
49 7 19 6 4
50 42 7 22 3
51 50 12 18 2
52 23 9 5 2
53 10 3 4 4
54 5 35 6 5
55 3 37 8 5
56 38 13 17 4
57 2 29 3 2
58 29 37 13 5
59 27 45 27 2
60 37 21 5 5
