584 9999
4
50
93
157
331
52
1 17 20 14 2
2 36 31 19 4
3 36 7 28 3
4 18 15 4 3
5 41 47 24 3
6 41 44 12 5
7 32 6 23 5
8 31 37 11 2
9 48 45 9 3
10 40 18 31 2
11 15 21 16 5
12 44 13 39 3
13 1 18 7 4
14 22 3 4 4
15 49 49 51 3
16 21 14 26 3
17 25 34 21 2
18 48 14 36 2
19 49 35 10 3
20 48 5 14 2
21 37 16 15 2
22 27 31 23 1
23 9 41 14 2
24 13 2 8 4
25 5 20 9 1
26 34 20 17 3
27 11 48 11 3
28 20 6 18 1
29 41 5 15 1
30 29 14 28 1
31 41 44 21 5
32 16 40 9 3
33 45 21 25 5
34 8 23 9 1
35 28 5 31 1
36 44 13 43 4
37 50 6 17 5
38 5 16 10 1
39 37 17 37 4
40 48 34 20 3
41 11 32 6 4
42 44 10 42 2
43 43 16 32 5
44 24 43 26 4
45 3 13 10 1
46 18 38 4 4
47 24 25 6 3
48 5 38 12 1
49 42 15 18 5
50 17 48 9 2
51 45 5 20 2
52 1 17 8 2
