300 9999
3
50
88
184
53
1 48 41 41 5
2 10 16 10 5
3 15 37 20 5
4 35 7 14 2
5 27 25 6 3
6 10 43 1 1
7 26 19 22 4
8 9 6 12 4
9 9 2 13 5
10 30 36 31 1
11 25 3 14 1
12 19 35 16 2
13 48 11 13 4
14 20 11 19 3
15 32 8 12 3
16 6 20 9 2
17 22 41 12 2
18 42 49 24 5
19 45 19 28 3
20 4 50 8 5
21 3 47 7 2
22 4 17 11 4
23 37 47 23 1
24 13 46 11 2
25 34 43 17 5
26 49 37 12 1
27 5 30 2 4
28 1 11 10 4
29 42 26 20 2
30 40 42 5 3
31 20 46 15 4
32 47 34 10 2
33 48 3 49 3
34 9 42 10 3
35 30 46 35 3
36 50 25 44 4
37 13 46 17 3
38 32 19 21 4
39 48 8 32 1
40 29 18 17 4
41 44 41 42 4
42 1 30 9 1
43 47 17 15 1
44 36 46 24 2
45 2 41 8 5
46 18 40 14 2
47 16 35 21 2
48 8 12 11 1
49 33 25 9 1
50 49 46 53 3
51 5 25 11 3
52 4 5 10 3
53 29 2 13 3
