318 9999
4
50
58
119
232
51
1 20 33 11 2
2 32 34 21 5
3 20 44 13 1
4 35 7 28 2
5 22 24 30 2
6 20 15 9 5
7 40 42 22 4
8 43 16 31 3
9 1 9 6 4
10 20 35 10 1
11 6 7 10 1
12 7 37 12 1
13 36 7 33 4
14 41 36 40 3
15 38 41 12 3
16 6 9 3 5
17 47 25 22 1
18 1 30 3 5
19 25 39 4 3
20 38 14 11 1
21 32 26 3 1
22 50 25 8 4
23 32 39 13 2
24 5 39 10 4
25 25 18 27 4
26 27 11 20 1
27 22 22 11 4
28 4 49 4 1
29 6 39 11 1
30 28 24 28 4
31 1 50 7 5
32 26 49 19 4
33 32 1 23 2
34 11 4 12 2
35 15 39 8 4
36 33 49 10 3
37 35 41 5 1
38 33 9 23 1
39 15 7 8 5
40 9 13 12 4
41 3 26 6 4
42 37 2 30 4
43 6 6 2 4
44 44 4 23 1
45 48 45 22 1
46 15 1 7 1
47 11 15 11 3
48 24 1 29 2
49 35 10 36 3
50 40 22 11 2
51 17 28 22 3
