156 9999
3
47
54
147
50
1 23 24 15 1
2 30 21 17 2
3 45 39 15 1
4 28 14 28 3
5 28 31 17 3
6 10 36 5 3
7 9 15 10 1
8 1 25 6 3
9 28 9 9 1
10 36 39 20 2
11 45 23 30 2
12 9 12 11 2
13 34 12 27 2
14 31 43 21 1
15 41 45 44 1
16 41 41 17 4
17 21 49 8 4
18 13 21 8 4
19 4 18 7 2
20 13 33 7 3
21 8 25 8 3
22 29 25 28 4
23 8 41 8 2
24 12 31 11 2
25 30 50 10 4
26 42 44 13 1
27 30 3 5 3
28 47 25 6 4
29 16 36 21 2
30 20 25 19 4
31 38 47 23 5
32 34 6 23 3
33 33 34 14 3
34 18 43 9 1
35 20 24 26 2
36 6 10 2 3
37 4 45 12 3
38 39 6 25 5
39 5 4 11 2
40 1 14 10 2
41 43 25 27 4
42 37 48 22 1
43 10 49 2 2
44 46 28 31 2
45 34 15 20 2
46 39 1 10 2
47 12 37 6 5
48 16 36 6 5
49 39 5 43 5
50 29 8 22 3
