357 9999
4
50
71
152
299
153
1 36 31 23 2
2 37 35 22 4
3 1 34 6 3
4 50 28 10 4
5 1 46 4 1
6 10 45 10 3
7 34 10 32 5
8 9 37 12 3
9 2 6 10 3
10 8 13 6 3
11 25 21 19 5
12 15 18 22 2
13 3 35 8 4
14 40 31 21 5
15 33 28 42 5
16 40 13 12 1
17 14 6 5 5
18 19 26 21 4
19 14 14 14 4
20 21 2 16 4
21 6 9 12 1
22 8 23 8 5
23 3 45 2 3
24 1 6 4 3
25 40 28 16 1
26 21 4 12 2
27 18 38 14 2
28 29 37 12 4
29 5 10 9 5
30 32 21 15 1
31 49 12 26 1
32 18 2 10 3
33 10 22 10 4
34 21 46 17 5
35 43 31 17 2
36 39 47 16 1
37 39 18 6 3
38 35 46 14 4
39 20 14 28 5
40 2 25 9 2
41 3 18 9 4
42 11 29 16 4
43 35 41 28 5
44 21 45 16 1
45 16 9 16 2
46 9 12 17 3
47 11 34 14 5
48 35 46 3 4
49 50 32 23 1
50 18 13 10 4
51 40 24 28 1
52 14 43 13 3
53 6 11 4 4
54 8 47 14 4
55 15 31 14 3
56 21 3 28 1
57 7 22 10 5
58 11 33 16 4
59 31 42 18 1
60 20 11 22 3
61 1 24 4 1
62 35 46 23 1
63 34 38 18 2
64 24 21 13 1
65 35 8 33 3
66 49 36 24 5
67 6 39 9 2
68 24 49 27 5
69 17 21 16 2
70 28 37 27 5
71 23 42 26 5
72 13 30 19 1
73 18 11 10 4
74 39 19 34 2
75 20 3 26 5
76 7 38 14 4
77 18 15 6 3
78 50 30 22 1
79 15 5 14 5
80 17 17 14 3
81 49 3 41 5
82 10 24 2 2
83 48 29 25 3
84 14 40 9 1
85 39 16 4 1
86 6 5 10 5
87 15 33 9 2
88 39 28 48 3
89 47 21 12 5
90 49 30 46 2
91 29 49 15 5
92 26 4 27 5
93 16 24 11 3
94 23 22 26 5
95 43 21 45 2
96 33 31 13 5
97 47 27 39 2
98 10 30 8 3
99 26 28 22 1
100 46 15 34 2
101 16 23 7 2
102 2 19 4 5
103 41 44 27 5
104 32 22 34 2
105 13 18 12 2
106 8 4 13 5
107 1 15 1 3
108 20 16 21 1
109 6 4 10 3
110 36 43 13 2
111 30 5 29 5
112 6 47 10 1
113 2 43 8 5
114 17 11 9 4
115 23 6 21 2
116 50 46 16 3
117 6 39 11 5
118 32 44 33 5
119 50 31 27 1
120 19 19 23 5
121 41 5 49 5
122 1 20 6 4
123 23 1 31 2
124 22 36 11 2
125 40 36 32 4
126 21 13 21 5
127 2 25 11 5
128 46 10 48 2
129 13 6 13 3
130 50 46 46 1
131 10 50 9 5
132 34 45 20 1
133 4 28 13 2
134 6 3 5 2
135 39 33 17 3
136 5 20 8 3
137 30 23 33 4
138 27 37 7 4
139 37 12 8 1
140 20 38 13 2
141 21 26 19 2
142 3 50 3 4
143 37 6 19 4
144 31 46 35 2
145 46 46 14 4
146 49 35 30 4
147 14 50 15 1
148 43 8 23 5
149 3 24 12 5
150 38 42 40 3
151 23 5 9 5
152 40 2 23 3
153 14 1 6 2
