84 9999
2
50
79
45
1 18 29 13 5
2 11 28 14 4
3 30 40 32 3
4 4 34 9 2
5 47 2 13 2
6 42 45 48 1
7 47 13 33 2
8 11 35 9 3
9 8 6 14 3
10 28 37 6 4
11 10 22 4 4
12 29 17 29 3
13 2 40 6 3
14 41 16 30 5
15 14 12 10 1
16 42 37 8 5
17 24 31 22 4
18 12 50 16 4
19 9 18 11 3
20 12 42 14 5
21 4 22 11 2
22 15 10 9 3
23 8 28 4 5
24 12 41 10 4
25 16 19 17 4
26 24 5 12 4
27 19 2 9 1
28 39 9 19 5
29 19 33 19 2
30 11 6 5 3
31 9 14 15 4
32 8 43 6 3
33 17 18 21 4
34 32 22 4 5
35 50 1 33 4
36 34 39 37 2
37 7 16 16 4
38 48 41 14 2
39 31 13 34 4
40 40 30 32 2
41 24 26 10 3
42 16 11 15 1
43 38 15 40 5
44 32 49 28 4
45 3 26 8 5
