190 9999
3
50
76
154
57
1 1 49 3 1
2 36 43 36 1
3 26 28 11 5
4 39 48 21 4
5 15 30 15 2
6 13 8 8 1
7 8 36 9 4
8 17 11 15 2
9 15 35 12 1
10 44 2 36 2
11 43 32 34 1
12 42 5 35 2
13 2 3 9 1
14 28 44 24 5
15 47 27 15 2
16 27 40 24 4
17 12 6 12 1
18 18 42 10 4
19 5 2 11 4
20 10 30 10 1
21 40 35 18 1
22 40 1 36 1
23 5 24 13 1
24 16 35 18 2
25 17 38 25 2
26 44 42 53 1
27 8 44 2 1
28 9 40 12 5
29 32 47 23 5
30 28 11 14 2
31 39 10 30 5
32 36 33 10 1
33 9 3 11 5
34 36 33 19 5
35 50 47 23 3
36 34 47 37 1
37 15 3 15 3
38 48 10 14 4
39 34 14 27 3
40 39 29 41 5
41 18 16 7 1
42 1 24 4 1
43 8 42 6 4
44 32 4 24 2
45 13 8 4 4
46 31 49 18 1
47 49 20 36 3
48 9 14 11 1
49 18 23 10 2
50 31 8 23 5
51 50 21 36 1
52 16 29 4 4
53 37 50 11 5
54 45 22 42 2
55 1 31 3 2
56 6 41 9 2
57 36 7 24 1
