391 9999
4
50
97
153
339
42
1 49 48 36 4
2 17 40 20 4
3 5 4 7 2
4 29 28 14 2
5 17 26 22 5
6 35 25 24 1
7 33 32 18 1
8 30 30 8 5
9 11 34 10 4
10 19 3 21 5
11 44 36 43 2
12 16 3 20 1
13 14 28 5 2
14 4 29 6 2
15 42 16 39 3
16 41 26 42 4
17 49 17 29 1
18 36 37 30 1
19 30 5 14 5
20 46 19 40 4
21 16 32 7 1
22 12 42 9 5
23 35 30 39 5
24 50 43 48 4
25 50 32 24 5
26 20 7 13 5
27 5 28 10 4
28 30 15 29 1
29 46 4 19 5
30 22 29 14 2
31 36 46 34 5
32 45 2 32 4
33 49 48 8 2
34 4 9 11 4
35 28 31 26 3
36 28 5 22 4
37 36 38 12 5
38 28 42 4 3
39 37 15 7 1
40 48 36 36 4
41 17 8 4 1
42 46 25 44 1
