593 9999
4
49
82
176
342
55
1 43 47 44 4
2 23 15 4 4
3 45 27 17 5
4 2 21 10 3
5 15 36 5 4
6 29 14 13 5
7 9 34 11 2
8 25 41 21 2
9 33 42 29 1
10 39 18 25 1
11 31 19 19 1
12 28 47 12 4
13 43 24 7 3
14 45 4 48 2
15 13 15 8 2
16 16 6 20 5
17 32 21 16 5
18 13 3 12 2
19 29 10 6 1
20 49 42 35 2
21 18 40 16 4
22 48 48 8 1
23 12 22 10 3
24 1 3 4 1
25 20 28 17 3
26 43 31 9 5
27 3 28 9 3
28 19 24 16 5
29 47 41 18 4
30 16 23 7 3
31 27 50 28 2
32 20 7 18 4
33 3 29 3 5
34 18 9 7 1
35 10 41 11 3
36 34 8 30 2
37 9 42 7 5
38 8 13 15 1
39 27 15 16 3
40 23 18 17 5
41 45 23 48 5
42 46 41 2 2
43 40 36 19 5
44 33 46 35 2
45 14 27 13 2
46 35 40 21 1
47 39 45 37 4
48 31 2 15 3
49 47 9 17 2
50 45 25 36 3
51 7 16 8 5
52 46 43 39 2
53 42 6 36 1
54 15 18 9 3
55 34 4 39 5
