38 9999
0
56
1 34 2 25 2
2 2 3 8 3
3 47 13 12 4
4 49 18 49 1
5 1 29 2 3
6 28 49 16 5
7 15 20 5 2
8 44 7 27 3
9 43 22 47 2
10 5 18 10 2
11 43 31 44 4
12 28 14 31 3
13 43 23 23 5
14 7 50 6 5
15 30 19 18 4
16 45 29 17 4
17 35 29 28 2
18 33 5 11 2
19 19 3 11 1
20 12 40 11 2
21 20 28 18 4
22 45 26 20 2
23 31 44 28 1
24 41 38 16 4
25 10 44 14 3
26 28 6 11 2
27 32 22 28 2
28 50 30 6 2
29 19 44 15 2
30 35 44 39 2
31 26 18 15 3
32 25 33 28 5
33 11 1 13 2
34 22 33 22 2
35 47 7 23 3
36 7 21 11 1
37 23 43 7 5
38 18 1 15 2
39 15 43 18 1
40 4 42 9 5
41 22 38 20 3
42 31 34 31 1
43 31 47 18 1
44 30 42 23 2
45 3 36 6 5
46 46 7 33 1
47 11 15 5 1
48 22 32 31 4
49 29 23 23 3
50 1 26 10 3
51 7 43 6 1
52 19 13 19 5
53 9 8 16 5
54 18 45 15 4
55 19 16 8 4
56 6 43 5 4
