1655 9999
6
50
67
140
301
590
1180
158
1 47 42 43 5
2 39 42 22 5
3 11 6 14 5
4 24 2 20 2
5 17 8 14 5
6 19 30 10 3
7 25 2 29 4
8 30 27 11 4
9 17 34 2 4
10 50 3 27 5
11 3 46 2 2
12 18 41 11 2
13 26 25 6 1
14 34 38 25 5
15 9 37 10 1
16 46 24 44 3
17 5 33 6 3
18 45 39 22 4
19 30 38 19 2
20 8 39 11 5
21 4 47 5 5
22 41 18 21 3
23 49 36 16 4
24 16 34 10 1
25 11 2 13 4
26 8 24 11 3
27 10 50 16 2
28 14 40 10 1
29 14 27 21 5
30 30 20 13 3
31 35 20 12 1
32 35 4 12 1
33 15 13 5 2
34 13 2 12 4
35 22 22 7 3
36 4 48 5 2
37 7 41 6 3
38 35 5 41 2
39 30 31 21 4
40 4 50 2 5
41 29 36 34 2
42 34 41 18 1
43 49 49 34 3
44 5 31 11 5
45 39 25 26 2
46 25 37 27 1
47 46 47 5 1
48 40 23 40 3
49 22 37 21 1
50 16 28 8 5
51 43 13 13 5
52 7 15 10 3
53 12 47 13 5
54 2 9 5 1
55 18 25 19 4
56 12 43 10 5
57 15 4 15 4
58 19 7 18 4
59 39 46 40 4
60 41 17 41 3
61 12 13 19 1
62 31 49 13 3
63 34 41 6 1
64 22 11 7 1
65 7 46 10 4
66 21 43 7 2
67 35 24 4 1
68 18 16 20 2
69 41 32 43 3
70 49 28 14 3
71 38 3 24 3
72 38 38 38 4
73 17 6 20 3
74 28 9 30 5
75 40 36 43 2
76 49 30 23 5
77 9 6 5 2
78 45 19 36 4
79 39 27 16 4
80 41 2 36 2
81 24 49 15 4
82 38 15 8 3
83 24 33 22 3
84 3 33 8 3
85 41 50 10 2
86 4 42 5 2
87 47 18 24 2
88 4 47 10 2
89 20 11 8 3
90 16 20 20 5
91 47 25 18 3
92 19 38 8 3
93 33 16 31 4
94 25 14 19 2
95 28 27 9 3
96 24 42 7 4
97 42 12 35 5
98 3 33 7 1
99 11 14 14 2
100 24 45 10 1
101 30 31 15 4
102 22 27 21 5
103 20 35 14 3
104 46 33 53 5
105 33 33 20 2
106 7 44 11 4
107 27 45 18 2
108 29 50 18 5
109 44 44 12 1
110 1 28 3 2
111 43 36 15 4
112 24 37 13 4
113 42 32 46 1
114 18 39 19 4
115 29 31 23 4
116 40 45 30 1
117 28 48 19 3
118 15 7 9 3
119 42 37 41 4
120 12 44 10 2
121 35 11 13 3
122 40 49 14 2
123 24 25 17 1
124 33 7 13 5
125 21 32 18 3
126 31 15 33 1
127 23 24 21 1
128 36 8 30 5
129 9 12 12 4
130 38 46 33 5
131 10 10 14 5
132 39 35 14 1
133 20 48 21 5
134 6 44 7 1
135 42 42 36 3
136 35 20 9 5
137 22 10 16 5
138 20 49 16 5
139 36 24 24 1
140 5 33 11 4
141 36 40 30 4
142 40 27 13 1
143 31 4 23 5
144 36 23 29 3
145 46 20 35 5
146 28 13 26 4
147 38 5 31 3
148 4 25 6 5
149 2 28 10 5
150 29 43 22 1
151 44 8 9 5
152 38 19 35 1
153 23 6 3 5
154 26 49 11 5
155 11 33 6 3
156 42 21 37 5
157 35 21 8 5
158 44 39 38 3
