370 9999
4
49
72
144
310
36
1 37 29 16 5
2 9 6 11 3
3 31 45 10 5
4 28 50 31 5
5 19 29 15 4
6 41 34 13 1
7 22 2 10 4
8 28 24 30 5
9 43 15 3 4
10 11 17 13 1
11 46 22 32 3
12 19 16 23 4
13 1 40 2 3
14 21 10 22 1
15 12 29 9 5
16 13 22 12 5
17 24 16 22 4
18 8 16 2 5
19 17 47 9 1
20 42 12 1 3
21 19 13 13 1
22 3 9 3 3
23 42 37 33 5
24 1 40 8 1
25 35 25 25 2
26 30 28 10 1
27 49 45 26 1
28 43 39 17 1
29 16 1 14 2
30 16 30 23 1
31 48 42 47 2
32 3 27 1 4
33 25 42 30 4
34 33 48 16 1
35 48 35 18 2
36 46 40 47 3
