384 9999
4
50
86
139
313
40
1 38 48 11 2
2 47 15 40 4
3 40 7 18 2
4 24 44 21 1
5 36 44 25 2
6 30 13 25 3
7 24 34 24 3
8 13 43 6 4
9 18 25 14 3
10 29 17 30 5
11 41 11 20 3
12 16 9 15 2
13 38 35 5 5
14 44 15 8 4
15 25 13 32 5
16 30 26 19 3
17 21 39 20 5
18 1 33 2 2
19 21 15 16 1
20 50 8 6 1
21 5 16 2 1
22 42 40 23 1
23 17 17 15 1
24 8 17 8 4
25 25 21 20 1
26 36 36 23 5
27 20 27 17 4
28 2 27 5 1
29 37 25 41 1
30 19 11 8 5
31 28 12 23 5
32 10 14 15 5
33 17 22 8 1
34 43 10 9 2
35 47 36 44 5
36 17 32 20 1
37 11 26 13 4
38 39 19 9 4
39 29 35 6 3
40 9 1 13 1
