1596 9999
6
50
56
122
264
498
1003
154
1 34 23 6 3
2 50 22 15 4
3 35 44 5 2
4 8 26 11 3
5 33 4 16 3
6 2 20 8 5
7 23 18 12 5
8 33 1 17 5
9 5 9 12 2
10 13 1 14 5
11 20 36 4 3
12 6 7 7 1
13 26 5 12 2
14 18 16 10 4
15 39 41 19 4
16 33 48 21 4
17 42 11 45 4
18 33 9 20 2
19 36 1 34 3
20 41 38 32 4
21 15 26 19 4
22 42 31 17 5
23 31 41 22 5
24 8 45 6 2
25 44 33 37 3
26 4 34 7 4
27 27 23 3 4
28 11 13 8 3
29 11 16 13 1
30 38 24 20 1
31 35 5 18 4
32 7 11 6 5
33 17 47 10 4
34 27 18 12 4
35 7 38 12 1
36 40 26 35 4
37 42 32 39 1
38 18 28 14 3
39 40 11 11 5
40 40 12 16 2
41 36 50 11 3
42 17 34 13 5
43 36 2 7 4
44 45 33 19 1
45 5 24 10 3
46 32 21 10 4
47 42 13 28 1
48 44 7 18 3
49 29 19 31 1
50 32 49 9 2
51 2 27 11 1
52 45 20 23 3
53 9 30 3 5
54 5 15 11 4
55 37 44 10 3
56 7 26 9 2
57 4 17 8 3
58 12 2 16 1
59 7 41 13 3
60 3 10 2 3
61 17 35 14 1
62 15 9 11 1
63 3 39 4 3
64 38 50 32 3
65 16 48 2 4
66 2 21 2 4
67 4 9 6 3
68 35 29 25 2
69 12 26 15 5
70 34 39 10 1
71 48 10 45 1
72 15 13 2 2
73 9 41 15 4
74 36 8 31 4
75 30 16 20 1
76 44 3 30 2
77 21 11 15 1
78 4 41 6 2
79 49 20 26 5
80 32 18 29 4
81 42 32 42 2
82 22 29 20 3
83 45 15 46 4
84 8 31 12 1
85 12 3 11 2
86 31 4 8 2
87 12 39 15 1
88 41 39 43 1
89 9 49 5 2
90 24 32 9 4
91 19 50 11 1
92 8 28 11 2
93 49 2 5 3
94 16 47 15 3
95 6 36 9 4
96 28 32 11 3
97 49 43 28 3
98 42 28 38 2
99 11 35 7 5
100 22 48 18 5
101 18 25 12 1
102 44 33 47 3
103 13 19 16 4
104 14 41 10 1
105 15 50 18 5
106 39 49 23 2
107 4 19 5 3
108 30 10 15 5
109 17 15 13 4
110 20 25 20 4
111 47 16 42 1
112 34 3 4 2
113 46 4 6 5
114 34 20 15 2
115 14 8 12 3
116 8 38 6 2
117 44 45 18 4
118 38 27 5 2
119 14 8 6 2
120 25 25 3 5
121 50 21 13 3
122 28 8 19 5
123 21 6 24 2
124 27 10 19 2
125 6 12 9 5
126 12 26 17 5
127 15 1 10 2
128 44 38 40 1
129 11 5 7 1
130 50 37 40 2
131 48 49 52 3
132 11 47 10 1
133 44 41 16 3
134 50 40 47 1
135 41 6 34 2
136 35 8 22 2
137 22 45 7 3
138 2 9 5 1
139 32 16 21 4
140 4 8 8 1
141 30 45 5 1
142 29 45 5 2
143 18 7 18 3
144 32 50 10 1
145 38 6 44 4
146 33 17 16 5
147 26 46 31 4
148 44 9 26 5
149 40 25 28 3
150 9 40 9 1
151 20 17 19 3
152 29 25 9 3
153 30 32 8 2
154 33 29 10 4
