235 9999
3
50
74
132
160
1 22 43 21 2
2 47 15 9 1
3 22 24 27 2
4 35 17 36 3
5 23 11 24 1
6 1 12 5 2
7 7 46 9 3
8 2 50 8 5
9 39 6 10 5
10 12 25 13 5
11 7 17 10 5
12 43 12 25 2
13 18 42 4 2
14 50 3 32 4
15 21 3 16 5
16 17 1 12 1
17 40 30 33 2
18 46 29 46 2
19 31 31 11 1
20 14 31 9 2
21 20 16 20 5
22 24 44 26 2
23 15 25 16 1
24 37 47 23 1
25 34 44 5 5
26 35 7 11 4
27 39 15 30 1
28 7 47 6 4
29 46 44 13 2
30 20 23 8 3
31 5 11 8 4
32 10 10 14 4
33 46 14 40 1
34 5 33 12 1
35 7 24 10 2
36 23 37 8 4
37 13 16 19 2
38 2 34 3 1
39 50 7 58 4
40 20 39 23 4
41 4 4 6 2
42 35 21 38 5
43 33 13 19 4
44 38 47 1 2
45 30 42 30 3
46 16 34 12 3
47 44 46 28 5
48 28 19 20 1
49 8 17 13 3
50 28 40 30 1
51 39 4 33 5
52 10 39 7 4
53 23 29 16 1
54 36 35 31 4
55 38 14 24 2
56 4 11 9 2
57 19 18 12 3
58 28 48 26 1
59 31 22 31 2
60 32 2 11 5
61 3 30 1 1
62 5 47 5 5
63 32 6 38 3
64 24 12 27 1
65 11 23 15 2
66 38 50 33 3
67 19 39 20 3
68 16 12 23 4
69 18 18 16 1
70 19 20 19 1
71 40 36 26 4
72 50 43 43 2
73 12 19 15 2
74 15 17 18 2
75 22 3 24 4
76 27 12 22 3
77 29 36 24 4
78 15 45 15 5
79 30 5 14 4
80 40 42 37 4
81 9 3 11 1
82 3 34 8 2
83 40 13 46 4
84 18 16 22 2
85 25 48 16 2
86 1 31 5 1
87 5 46 10 2
88 27 13 11 4
89 27 39 23 5
90 3 11 3 5
91 15 37 22 2
92 26 11 11 4
93 39 23 15 3
94 37 3 22 4
95 20 10 10 4
96 12 6 19 2
97 21 6 24 4
98 38 25 23 1
99 40 22 21 3
100 36 12 22 5
101 49 42 19 5
102 16 30 12 5
103 12 7 21 4
104 35 38 5 4
105 39 2 41 2
106 16 21 6 4
107 50 20 18 5
108 29 45 7 3
109 5 17 8 3
110 35 5 20 5
111 8 42 6 4
112 13 47 9 2
113 2 48 11 2
114 5 41 12 2
115 28 18 19 2
116 45 12 18 5
117 11 26 17 2
118 3 32 6 4
119 46 41 32 3
120 40 46 41 3
121 31 39 31 2
122 6 27 8 2
123 27 34 4 1
124 49 42 39 1
125 32 12 11 3
126 7 8 11 3
127 36 33 32 4
128 29 3 30 2
129 21 18 14 4
130 43 5 40 1
131 34 46 38 2
132 28 34 32 4
133 48 28 37 4
134 24 10 33 1
135 46 2 38 5
136 34 46 30 5
137 18 48 13 4
138 18 6 18 2
139 34 30 8 1
140 7 10 10 5
141 15 4 16 3
142 41 1 9 2
143 13 47 19 3
144 39 43 28 5
145 12 12 6 5
146 11 10 18 5
147 35 11 12 1
148 44 5 41 5
149 39 18 24 3
150 11 43 13 2
151 41 31 44 2
152 32 42 8 2
153 17 29 10 4
154 46 18 40 5
155 22 8 25 1
156 32 9 25 3
157 33 14 13 2
158 50 34 8 4
159 2 27 4 5
160 27 29 5 1
