483 9999
4
50
98
181
363
151
1 11 3 10 2
2 33 11 32 2
3 38 40 28 2
4 14 28 7 3
5 20 20 10 4
6 13 15 11 2
7 13 34 9 1
8 14 46 10 2
9 14 33 13 5
10 17 20 12 3
11 39 12 24 5
12 21 1 10 3
13 48 47 40 5
14 49 31 10 3
15 20 28 17 1
16 46 50 8 2
17 4 6 9 3
18 29 33 11 3
19 14 36 15 1
20 22 49 7 1
21 49 16 29 2
22 15 27 15 4
23 36 10 11 3
24 37 47 10 1
25 34 28 27 2
26 10 31 10 3
27 44 38 41 4
28 21 28 22 1
29 30 4 14 5
30 44 22 30 4
31 24 7 25 1
32 25 42 23 4
33 23 26 15 3
34 38 13 34 3
35 13 38 6 1
36 46 46 12 2
37 8 43 13 2
38 46 4 35 5
39 30 35 13 3
40 16 47 2 1
41 40 49 11 1
42 31 42 11 3
43 27 3 28 2
44 4 8 7 2
45 9 9 10 5
46 37 21 16 1
47 35 33 22 2
48 2 2 10 4
49 25 33 23 5
50 48 22 25 4
51 21 21 18 2
52 35 33 15 5
53 44 50 51 5
54 36 36 37 2
55 24 5 6 4
56 36 21 27 5
57 48 39 26 1
58 50 14 44 2
59 1 48 9 3
60 7 20 7 1
61 10 9 17 1
62 36 19 35 5
63 2 17 7 5
64 22 30 30 5
65 20 25 15 4
66 36 47 14 3
67 16 2 11 5
68 11 7 5 5
69 27 6 14 3
70 9 15 4 2
71 41 18 18 5
72 39 19 38 2
73 30 50 36 4
74 18 39 6 1
75 31 14 9 5
76 8 3 16 4
77 42 48 25 4
78 2 34 2 5
79 16 46 7 2
80 34 7 8 2
81 17 12 17 3
82 36 37 30 5
83 49 41 31 2
84 50 8 34 2
85 22 11 20 2
86 31 5 12 4
87 14 16 18 4
88 2 42 6 1
89 39 39 22 5
90 2 27 11 5
91 25 40 13 4
92 41 47 11 3
93 24 1 2 1
94 41 25 12 1
95 18 24 15 1
96 22 49 17 3
97 44 50 41 1
98 34 39 34 1
99 21 35 17 2
100 23 38 14 1
101 18 23 10 5
102 50 44 55 2
103 8 5 6 1
104 50 28 43 4
105 13 24 8 2
106 3 27 5 2
107 16 44 16 3
108 37 34 30 5
109 41 25 41 2
110 49 44 38 4
111 21 24 14 3
112 47 44 44 1
113 45 34 18 5
114 21 32 20 1
115 40 38 33 1
116 48 22 41 5
117 47 18 47 4
118 47 6 30 4
119 39 5 33 4
120 46 45 39 3
121 4 17 3 5
122 12 39 19 2
123 44 26 35 2
124 17 16 22 5
125 7 6 11 5
126 21 28 14 2
127 43 37 27 1
128 4 27 4 5
129 37 44 29 3
130 22 18 28 5
131 6 50 13 5
132 19 2 21 3
133 29 48 27 5
134 43 36 24 4
135 2 50 6 1
136 45 1 43 4
137 13 24 2 1
138 12 37 13 5
139 21 26 20 5
140 12 35 10 5
141 40 13 41 3
142 9 46 12 2
143 24 2 20 2
144 24 43 25 2
145 49 43 33 2
146 11 50 7 5
147 20 41 20 5
148 5 15 6 4
149 11 47 9 5
150 9 20 13 4
151 47 22 50 5
