327 9999
4
49
69
148
274
41
1 44 18 34 1
2 47 4 45 3
3 19 15 23 1
4 24 7 10 2
5 15 47 21 5
6 22 26 16 3
7 37 18 23 5
8 28 49 6 3
9 48 46 14 2
10 42 18 28 3
11 45 15 16 3
12 30 21 12 4
13 39 48 16 5
14 49 8 22 1
15 43 23 31 5
16 16 24 22 4
17 10 6 9 2
18 46 33 55 1
19 44 12 36 4
20 8 13 11 1
21 32 33 9 4
22 32 45 28 3
23 37 12 38 4
24 19 48 4 5
25 10 49 16 5
26 47 4 27 3
27 36 32 31 1
28 36 46 36 3
29 17 42 12 2
30 22 45 19 1
31 30 47 30 2
32 11 27 9 4
33 37 16 7 3
34 36 24 43 2
35 3 16 2 4
36 27 13 19 1
37 36 47 25 1
38 26 26 7 1
39 4 27 5 5
40 39 19 29 2
41 11 41 1 1
