489 9999
4
50
82
139
290
44
1 4 25 5 4
2 23 45 3 2
3 13 37 11 1
4 33 35 17 3
5 44 44 9 1
6 21 13 15 1
7 30 8 23 5
8 16 47 11 4
9 8 49 6 2
10 34 37 30 5
11 3 8 4 1
12 19 22 15 5
13 30 35 29 3
14 50 25 52 3
15 12 4 13 1
16 9 7 13 2
17 26 5 25 2
18 29 15 9 1
19 12 30 8 1
20 39 48 29 3
21 22 28 20 5
22 28 24 17 5
23 7 36 5 5
24 42 23 36 1
25 43 16 11 2
26 24 34 16 2
27 23 1 26 4
28 50 27 52 5
29 5 16 9 5
30 10 43 12 1
31 41 34 37 3
32 21 30 18 2
33 18 11 11 4
34 49 3 48 1
35 14 5 12 3
36 46 25 49 5
37 26 24 23 4
38 13 29 3 5
39 22 35 19 2
40 34 13 40 2
41 30 25 16 2
42 1 41 9 2
43 26 11 29 1
44 36 49 10 5
