311 9999
3
49
82
177
59
1 29 27 19 2
2 40 23 11 4
3 6 36 13 2
4 47 48 52 3
5 22 8 22 5
6 10 17 3 4
7 32 47 18 1
8 42 26 31 1
9 32 36 35 4
10 12 28 6 5
11 24 44 5 4
12 34 50 8 3
13 23 10 6 1
14 21 47 21 2
15 29 3 34 5
16 29 22 6 3
17 35 19 12 3
18 17 23 12 3
19 15 39 16 4
20 26 32 23 1
21 37 32 29 2
22 4 47 5 4
23 36 46 9 1
24 12 49 9 3
25 16 31 9 5
26 39 18 32 5
27 5 9 5 1
28 43 34 25 2
29 23 26 6 2
30 21 48 8 2
31 35 27 35 5
32 6 37 3 3
33 7 31 9 1
34 10 49 13 5
35 28 12 6 5
36 37 14 41 2
37 21 47 14 5
38 11 35 6 5
39 14 42 6 1
40 9 49 14 1
41 3 16 4 5
42 42 35 23 2
43 43 32 16 1
44 34 9 6 3
45 47 33 28 1
46 41 5 22 5
47 44 43 42 1
48 36 5 3 1
49 41 38 25 4
50 29 18 29 1
51 28 5 20 1
52 34 8 35 4
53 37 15 16 5
54 41 42 41 1
55 24 14 24 3
56 22 12 29 5
57 49 15 27 4
58 30 2 15 4
59 33 33 29 5
