235 9999
3
50
79
131
49
1 17 43 15 5
2 36 39 33 1
3 44 47 28 4
4 36 16 19 1
5 3 7 5 4
6 15 34 12 5
7 49 4 55 3
8 26 6 24 5
9 14 44 10 1
10 47 20 56 4
11 35 14 34 5
12 26 8 20 4
13 8 29 5 5
14 28 33 31 3
15 17 15 17 2
16 37 27 30 2
17 20 41 15 3
18 44 6 7 3
19 5 31 8 2
20 15 37 11 3
21 2 20 2 4
22 41 49 7 1
23 22 13 7 1
24 33 42 15 3
25 16 2 18 3
26 49 29 34 4
27 22 44 27 3
28 34 36 27 2
29 50 37 32 3
30 29 33 33 5
31 10 19 14 4
32 37 18 18 3
33 22 25 20 3
34 45 46 15 4
35 41 18 23 2
36 6 31 8 3
37 29 23 26 4
38 10 42 10 2
39 22 33 12 3
40 5 43 8 5
41 39 33 22 5
42 45 8 34 2
43 16 20 11 2
44 42 15 16 1
45 1 15 8 2
46 39 17 25 1
47 23 3 27 2
48 5 47 9 1
49 49 14 21 4
