111 9999
2
49
94
37
1 3 39 1 1
2 21 39 17 3
3 13 45 4 1
4 9 37 14 3
5 33 9 29 5
6 38 49 31 5
7 42 45 16 1
8 38 17 15 4
9 9 29 9 4
10 28 49 31 3
11 34 35 32 5
12 24 15 4 5
13 14 1 20 2
14 46 47 21 5
15 44 16 26 2
16 9 20 10 3
17 17 43 18 2
18 30 28 23 1
19 20 1 26 4
20 23 12 6 1
21 48 42 33 3
22 33 37 21 3
23 44 36 7 5
24 6 43 9 2
25 25 7 11 2
26 10 42 8 1
27 26 40 13 2
28 49 26 26 5
29 17 20 11 2
30 33 42 29 2
31 19 32 17 3
32 49 29 32 1
33 43 43 32 4
34 46 41 30 4
35 33 34 22 4
36 48 7 23 5
37 8 18 17 5
