390 9999
4
50
83
169
325
47
1 29 10 28 4
2 43 3 5 4
3 47 3 25 2
4 10 7 9 4
5 40 23 48 3
6 15 31 23 3
7 49 4 22 3
8 21 3 5 4
9 25 44 3 3
10 41 40 39 2
11 19 40 13 5
12 19 22 11 5
13 37 44 24 2
14 12 1 19 4
15 38 4 8 1
16 48 50 12 1
17 43 32 25 3
18 28 5 5 2
19 42 48 25 5
20 3 12 8 3
21 3 21 2 4
22 48 50 20 1
23 43 41 10 5
24 33 46 10 5
25 20 7 11 2
26 39 16 35 1
27 44 8 33 3
28 8 45 9 1
29 24 48 8 2
30 27 33 20 3
31 46 20 16 5
32 11 20 8 1
33 10 9 3 3
34 5 42 10 5
35 4 33 6 4
36 1 28 10 3
37 31 33 13 1
38 50 7 47 1
39 4 29 8 2
40 23 36 5 4
41 18 26 10 4
42 24 22 3 4
43 35 13 8 1
44 27 47 17 4
45 5 19 2 3
46 33 23 38 4
47 38 43 13 2
