161 9999
3
49
68
121
39
1 43 39 46 2
2 43 29 8 2
3 5 9 9 4
4 31 40 13 4
5 21 32 16 1
6 12 13 16 4
7 31 25 23 3
8 36 33 18 5
9 6 29 3 2
10 9 11 11 3
11 3 26 8 2
12 30 9 27 3
13 40 27 8 5
14 41 42 18 1
15 7 24 11 5
16 30 37 10 3
17 45 20 17 1
18 21 26 6 1
19 8 23 8 5
20 47 39 6 5
21 35 4 23 3
22 23 42 5 2
23 16 5 7 5
24 2 19 2 1
25 39 40 43 4
26 8 15 7 3
27 49 16 23 2
28 40 40 16 2
29 17 39 15 5
30 45 28 26 3
31 31 46 23 2
32 37 11 13 4
33 29 46 9 2
34 22 14 16 2
35 49 10 42 2
36 35 32 20 5
37 12 29 8 4
38 28 1 9 5
39 28 20 29 1
