1686 9999
6
50
97
157
305
629
1282
155
1 35 28 13 5
2 46 50 29 3
3 31 40 22 5
4 18 20 11 5
5 6 22 5 5
6 42 23 7 1
7 46 40 45 3
8 36 14 41 3
9 44 38 40 4
10 46 37 18 1
11 49 50 25 4
12 41 1 22 1
13 21 32 9 4
14 33 10 17 1
15 14 7 10 3
16 40 22 33 2
17 18 3 15 2
18 22 10 17 1
19 44 47 36 5
20 50 43 49 1
21 18 5 17 1
22 8 44 9 4
23 25 19 21 4
24 36 30 3 5
25 17 10 16 3
26 46 5 41 3
27 36 14 41 1
28 1 15 2 5
29 13 22 15 4
30 31 19 11 5
31 5 41 4 2
32 32 19 7 2
33 48 29 38 3
34 40 39 38 4
35 41 19 6 4
36 37 25 35 1
37 45 27 7 2
38 19 26 19 4
39 18 30 23 1
40 47 29 50 2
41 30 15 36 4
42 10 26 15 4
43 27 24 8 1
44 50 43 43 3
45 37 25 14 3
46 44 41 10 3
47 38 7 27 1
48 27 46 18 4
49 11 44 16 5
50 8 47 12 3
51 17 34 17 4
52 15 7 8 5
53 1 34 3 5
54 7 36 9 5
55 27 42 23 5
56 5 32 8 5
57 25 34 23 3
58 6 10 7 1
59 6 4 6 5
60 50 12 41 5
61 43 23 10 4
62 47 5 42 1
63 37 39 26 2
64 38 31 41 5
65 18 19 16 5
66 13 14 8 3
67 7 33 6 3
68 20 10 10 1
69 47 46 28 1
70 27 10 26 3
71 42 45 14 5
72 31 28 13 4
73 3 40 2 1
74 42 10 37 3
75 15 47 11 2
76 6 47 12 2
77 5 2 5 2
78 14 47 13 4
79 22 22 9 2
80 17 28 16 5
81 8 14 9 4
82 48 33 31 5
83 48 3 14 2
84 16 43 14 4
85 9 30 16 3
86 28 12 15 3
87 30 44 14 2
88 6 7 7 2
89 9 19 9 4
90 48 20 15 5
91 30 17 19 4
92 5 13 2 1
93 24 31 7 2
94 16 48 21 2
95 35 10 32 5
96 22 11 8 5
97 21 26 10 1
98 7 50 9 2
99 7 10 11 4
100 33 1 8 5
101 28 22 31 3
102 6 26 6 4
103 48 26 12 1
104 3 29 7 3
105 45 25 8 4
106 3 27 1 1
107 24 6 14 5
108 5 38 9 5
109 37 20 28 3
110 48 36 13 1
111 24 28 20 3
112 33 6 19 5
113 14 36 10 3
114 7 15 9 1
115 38 25 38 3
116 42 18 21 2
117 10 23 14 3
118 43 16 37 5
119 17 28 15 5
120 30 14 22 5
121 39 30 47 5
122 1 17 5 4
123 18 26 16 3
124 47 10 33 4
125 38 3 5 5
126 44 27 39 3
127 10 16 13 5
128 22 26 11 2
129 21 24 25 2
130 47 39 9 1
131 29 2 12 4
132 24 30 18 5
133 12 47 6 1
134 5 30 8 1
135 27 44 15 1
136 47 2 41 4
137 12 30 4 2
138 3 23 8 4
139 12 28 13 1
140 42 23 35 4
141 4 6 12 3
142 16 18 5 5
143 38 47 30 3
144 13 4 8 3
145 8 10 3 2
146 4 26 5 3
147 37 21 32 2
148 19 24 22 1
149 2 48 10 4
150 8 18 11 1
151 9 48 12 4
152 37 41 37 2
153 33 39 17 2
154 35 15 9 4
155 13 16 8 2
