1443 9999
6
50
55
143
284
533
1098
152
1 46 25 29 2
2 41 34 45 5
3 29 2 17 5
4 35 39 14 3
5 3 46 5 1
6 12 28 14 5
7 48 8 34 2
8 37 4 22 1
9 39 29 24 4
10 20 3 16 4
11 48 29 26 5
12 41 30 43 4
13 10 24 10 5
14 30 49 36 1
15 24 11 14 2
16 31 2 29 3
17 8 8 15 5
18 6 47 7 2
19 33 23 20 2
20 2 40 2 2
21 42 9 39 3
22 46 50 42 5
23 30 17 24 5
24 15 33 9 1
25 35 8 26 5
26 26 16 6 2
27 24 6 26 1
28 47 2 44 2
29 35 41 38 1
30 50 31 3 2
31 47 42 25 1
32 41 19 16 2
33 13 24 11 5
34 32 23 14 2
35 26 30 25 3
36 8 49 4 3
37 29 12 26 4
38 45 25 10 1
39 46 4 14 1
40 1 13 7 4
41 46 16 43 5
42 6 19 13 5
43 24 43 28 5
44 4 15 9 2
45 50 47 8 2
46 41 45 10 2
47 21 36 7 5
48 5 50 12 1
49 39 23 14 5
50 47 8 14 2
51 30 44 20 2
52 21 36 26 4
53 15 7 19 5
54 35 44 24 3
55 38 35 20 1
56 24 39 6 5
57 26 37 25 1
58 18 42 9 4
59 20 42 18 4
60 41 26 5 1
61 10 39 10 1
62 38 32 35 5
63 26 48 22 5
64 17 37 19 4
65 48 21 35 5
66 8 35 5 5
67 43 3 23 1
68 3 1 7 3
69 24 50 10 4
70 6 35 11 1
71 11 42 9 4
72 15 22 19 5
73 47 1 20 3
74 44 28 30 5
75 6 1 11 4
76 34 34 14 1
77 50 27 33 1
78 40 9 33 1
79 32 1 24 1
80 24 13 24 3
81 20 18 19 3
82 44 43 4 2
83 5 29 9 3
84 6 36 13 1
85 15 32 11 1
86 33 36 3 2
87 41 20 20 1
88 33 24 32 2
89 31 9 13 2
90 7 41 13 5
91 4 49 7 1
92 42 47 41 4
93 24 33 18 4
94 44 49 40 2
95 42 31 16 1
96 45 4 45 3
97 28 42 16 2
98 11 26 3 2
99 45 15 22 5
100 13 14 13 4
101 4 23 2 4
102 47 5 17 4
103 40 23 28 1
104 33 29 17 5
105 4 37 4 1
106 21 8 3 2
107 37 48 28 3
108 26 5 28 1
109 43 32 39 4
110 13 1 10 4
111 30 8 20 2
112 29 37 10 2
113 15 34 13 1
114 26 26 9 1
115 30 19 26 5
116 3 31 12 5
117 33 36 22 5
118 48 25 9 1
119 15 31 11 1
120 50 3 45 5
121 6 24 7 2
122 9 13 8 1
123 40 30 3 1
124 14 16 23 3
125 4 27 3 4
126 49 47 25 1
127 44 36 19 4
128 1 24 6 4
129 31 18 19 4
130 43 49 36 4
131 7 37 7 4
132 50 18 44 2
133 31 32 27 2
134 28 3 22 1
135 7 13 11 2
136 13 40 8 2
137 34 29 43 4
138 2 3 1 1
139 22 4 10 1
140 43 33 42 2
141 38 13 28 4
142 18 23 14 2
143 32 15 38 4
144 19 2 17 2
145 23 45 11 4
146 7 5 4 2
147 30 31 7 4
148 12 18 11 4
149 48 46 6 2
150 3 6 2 2
151 29 28 18 1
152 5 40 6 4
