328 9999
4
50
67
131
266
38
1 34 36 10 1
2 6 10 4 1
3 4 28 7 2
4 47 25 38 4
5 12 40 8 2
6 36 43 30 2
7 38 25 43 1
8 3 27 12 1
9 5 21 4 5
10 12 22 11 2
11 5 30 9 5
12 38 46 17 1
13 47 22 23 1
14 31 42 27 1
15 32 44 11 4
16 31 35 27 2
17 21 20 13 4
18 31 37 26 2
19 30 3 17 1
20 28 41 19 5
21 38 9 14 4
22 7 48 4 4
23 26 46 8 5
24 33 31 18 5
25 50 38 30 1
26 22 6 27 2
27 34 2 31 5
28 19 38 18 3
29 13 41 10 3
30 32 47 33 2
31 10 40 9 5
32 15 23 9 4
33 25 6 8 3
34 10 44 12 4
35 3 27 6 5
36 14 48 12 3
37 25 14 9 4
38 38 39 20 3
